[
[7.600679,2.588064,2.566230,0.000000],
[13.265881,1.368369,3.408972,0.002947],
[3.862430,0.692039,1.819134,-0.000000],
[9.952174,3.521739,1.218972,0.000000],
[15.984911,5.083676,2.361225,0.000000],
[9.762757,1.216299,0.786748,0.000000],
[7.409449,1.042745,1.204724,0.000000],
[15.994776,2.164179,0.976119,-0.000000],
[12.972086,2.314887,1.271303,0.000000],
[0.833333,1.277429,1.335946,0.000000],
[7.702619,3.551618,0.748074,-0.000000],
[11.113351,2.473025,3.692098,0.000000],
[10.131409,1.240410,2.260160,0.000000]
]